5227
2697
2580
2
6
377
328
199
70
95
5987
317
2
3
22
4
1868
753
40
242
145
88
8
22
3
38
5
220
261
17
74
245
5
1
27
952
1038
345
45
7
8275
28
2
8
92
8
127
262
1
4
25
20
265
1
1
24
136
262
137
10
2967
59
627
797
1
138
63
43
56
155
48
2
517
3
1380
1156
18
1
33
2
2
28
1
128
16
1
2
8
56
45
22
4
71
73
121
2
6
6
6
8
8
82
9
24
2
36
13
19
51
137
21
10
1
69
134
7
116
65
2
4
88
3
8
3
8
1
3
152
6
6
4
6
135
4
5
16
102
1
1
2
7
7
21
58
75
157
1
6
59
1246
354
181
49
26
455
208
42
13
3
48
16
4
5
9
17
34
1
84
293
26
19
2
113
2
2
8
2
22
40
204
31
5
2
38
1
66
6
23
34
1
779
36
7
11
5
3
2
17
2411
960
10
230
135
154
62
1
5
3
1811
13
45
19
93
199
24
48
104
2
8
1
1
134
1
5
9
15
6
1
1
37
7
1
1
1
3
1
1
18
251
4
27
1
1
5
1
1
32
1
1
5
21
2
3
1
5
1
23
14
118
4
10
4
1
1
1
14
3
1
1
529
9
1
1
3
2
12
3
247
242
1
4
1
55
140
1
2
88
1
82
1
1
1
4
3
3
1
395
1
198
6
1
3
1
640
6
2
2
1681
3
1
1
1030
1
112
159
263
1
1
3
10
1
2
1
1
7
3
92
1
26
21
54
363
2
6
1
3
4
2
17
3
1
1
4
3
58
2
2
5
35
4
2
2
1
3
36
6
11
115
1
2
5
4
4
4
1
7
10
5
6
3
1
55
1
5
1
4
67
26
1
4
1
1
9
66
5
12
5
1
3
8
1
4
5
4
1
46
5
3
1
1
13
8
3
58
8
7
37
50
3
13
1
1
24
2
11
16
2
5
394
61
14
3
3
1
13
2
2
15
8
1
142
1
323
81
15
7
1
1
4
1
17
6
1
5
7
1
4
3
486
1
50
16
1
10
18
5
2
34
40
106
1
1
1
28
2
7
4
1
5
2
1
2
1
1
3
4
1
2
7
10
54
1
4
1
5
984
1
1
5
1
2
8
7
2
1
1
70
4
1
1
1
5
5
3
2
109
12
1
2
1
134
6
9
4
1
8
1
1
1
23
1
8
4
89
60
7
3
3
76
4
5
1
4
8
6
4
1
1
1
1
2
1
1
2
1
5
2
1
15
7
2
4
9
230
4
2
1
3
2
2
1
2
2
2
5
1
1
1
2
4
3
2
1
4
7
3
3
1
5
12
1
4
2
1
7
6
4
4
1
15
4
4
2
2
16
4
1
1
1
1
2
2
3
2
1
4
6
8
49
147
1
2
2
1
2
2
1
5
1
1
6
78
1
3
28
1
4
6
61
1
2
1
2
9
16
13
18
3
13
54
3
3
3
2
3
3
5
2
1
2
8
2
15
9
7
66
10
2
3
8
5
71
9
2
67
4
1
3
4
4
5
3
3
57
121
15
6
1
6
2
6
1
46
92
4
2
1
3
1
1
4
3
3
31
12
1
13
37
28
1
1
1
10
2
112
2
1
33
1
1
2
1
12
1
1
7
1
2
1
1
4
24
2
3
1
1
1
1
1
3
2
1
3
3
1
1
4
4
1
5
1
4
3
1
177
4
1
4
85
7
3
1
1
4
3
1
1
4
31
2
2
2
6
2
3
65
9
1
2
8
4
2
1
2
12
3
3
2
2
2
2
2
2
3
2
1
6
3
2
1
1
3
5
6
31
1
5
10
1
1
2
313
22
14
10
2
5
3
1
3
2
2
37
2
1
4
30
1
1
22
257
442
1
8
47
2
1
35
1
2
5
2
4
1
10
1
1
1
3
1
3
2
2
15
3
1
1
1
1
4
1
37
5
1
3
31
1
3
1
1
1
3
1
6
1
1
4
1
3
2
1
1
1
2
27
1
1
1
1
1
2
1
2
5
4
1
1
4
1
5
1
2
2
3
1
1
25
5
1
1
1
4
1
2
13
4
2
2
6
3
2
3
4
3
1
2
8
1
1
2
1
1
1
1
1
1
4
1
4
1
1
1
3
1
1
3
2
5
42
3
72
171
1
1
41
2
4
2
6
1
3
64
1
3
6
1
7
3
21
5
8
2
79
1
1
6
1
1
2
1
2
2
3
7
1
1
6
4
1
3
1
4
1
1
1
1
1
1
1
11
1
145
1
7
87
25
305
2
3
11
1
1
1
1
1
1
1
1
1
2
1
1
1
3
1
2
1
3
15
1
1
4
1
3
2
3
5
3
6
1
1
1
1
1
1
223
53
52
25
1
2
239
1
103
15
1
1
1
1
2
1
2
1
1
1
1
71
2
58
4
64
11
1
1
5
1
1
2
1
1
2
1
45
1
1
9
71
2
1
1
85
324
184
1
1
3
1
15
2
2
33
459
2
2
1
1
2
27
29
3
27
1
1
1
2
3
2
1
2
1
1
3
269
19
43
3
2
1
1
2
1
3
1
1
1
2
29
2
2
1
2
1
5
1
6
1
2
1
1
1
1
1
1
1
1
2
2
1
1
6
3
5
2
2
1
1
6
1
4
2
1
1
4
15
1
10
1
2
1
3
1
34
1
1
6
1
1
1
1
1
2
2
2
31
26
3
3
1
3
1
1
18
1
1
5
19
1
16
28
1
2
2
1
1
1
1
1
1
1
1
2
2
2
163
164
5
1
2
2
1
1
1
1
1
1
8
4
1
2
2
1
3
1
2
1
1
1
1
1
24
8
2
24
1
1
2
1
5
1
1
13
2
1
230
198
1
1
1
1
1
1
1
3
1
1
1
1
1
1
2
1
24
28
24
11
55
71
98
63
48
1
1
1
1
3
4
1
1
1
1
269
31
27
2
1
2
2
1
693
10
41
1
1
1
24
3
3
2
1
9
4
1
1
12
16
8
12
1
1
1
2
1
2
268
270
2
2
1
1
1
1
1
1
1
18
8
1
1
1
1
2
1
1
1
1
1
3
1
2
1
114
3
4
1
1
1
2
1
1
2
1
1
1
5
1
1
1
1
3
1
1
1
1
1
4
1
1
1
1
1
1
59
1
2
1
2
15
1
5
1
1
1
4
1
3
1
1
1
131
2
1
1
1
1
1
4
12
4
2
47
2
1
1
3
5
1
1
1
1
1
1
1
1
1
1
1
1
1
89
1
1
2
1
1
1
1
1
1
2
1
1
1
2
48
1
1
1
1
2
1
1
2
2
1
1
1
1
1
1
1
2
2
1
1
1
1
3
1
1
1
3
1
1
3
12
1
1
1
1
2
1
1
1
1
1
1
1
3
1
1
1
1
1
5
31
1
2
1
1
1
1
1
1
1
7
1
3
1
1
1
1
1
4
133
1
1
39
45
1
1
1
3
1
28
2
1
1
2
105
1
1
2
140
1
1
1
1
3
19
26
6
1
1
10
1
1
1
1
1
1
1
47
1
1
1
1
3
2
2
3
2
1
1
1
3
1
9
1
1
2
1
1
1
1
1
1
2
1
1
1
1
1
1
2
1
1
1
2
1
1
35
1
1
12
1
1
3
2
1
1
11
2
1
1
1
1
2
53
1
1
1
1
1
1
14
28
22
8
1
1
217
208
130
567
16
479
95
3
9
1
951
92
712
50
87
7
7
6
5
82
1
45
2
10
30
60
7
24
33
35
19
18
12
3
124
11
13
6
25
22
61
136
23
33
16
17
337
10
25
48
51
127
23
15
2
2
18
9
21
66
83
16
22
234
29
3
3
2
1
1
7
1
1
1
2
14
15
24
37
5
18
22
46
74
18
4
16
2
12
7
3
38
48
2
5
25
85
1
19
10
1
11
232
160
5
1
61
19
136
72
3
26
17
35
19
11
2
9
6
155
3
6
71
4
7
56
36
80
13
1
25
74
7
7
76
21
11
16
37
1
15
5
2
9
27
9
37
160
19
25
20
12
2
19
119
52
12
1
8
2
58
1
1
2
25
32
6
3
20
35
2
42
41
11
29
40
29
7
15
25
26
4
3
14
34
2
2
1
8
12
4
2
11
2
28
2
4
2
2
17
58
7
12
7
5
4
19
62
11
49
51
26
7
1
1
11
3
3
1
11
127
90
7
76
7
4
1
24
28
2
5
15
32
7
7
13
3
6
23
68
5
3
18
9
82
21
14
14
18
23
15
10
1
2
29
1
5
2
1
13
5
1
2
1
141
4
2
22
20
1
16
2
1
1
1
1
17
18
28
7
12
12
4
28
17
3
3
16
1
10
104
7
5
2
2
3
9
1
20
5
1
1
1
3
3
16
14
11
6
2
10
1
6
1
3
2
25
15
6
5
2
4
11
19
4
22
15
2
4
1
2
4
1
1
4
19
29
59
2
24
18
4
8
1
3
1
1
7
1
2
4
1
8
16
9
6
53
1
23
12
2
2
18
27
6
6
2
10
4
30
10
13
1
23
1
1
11
9
5
8
6
31
5
4
1
55
5
1
3
3
4
1
1
20
1
2
1
1
97
23
6
2
2
4
1
1
1
1
4
1
3
1
3
2
6
2
2
3
1
1
4
2
5
9
1
6
34
2
12
7
2
4
55
1
3
1
1
1
1
1
3
2
1
4
1
1
1
1
6
1
2
9
7
68
9
6
24
2
36
2
29
12
2
14
6
4
1
15
4
5
20
5
84
16
12
2
15
25
4
9
7
8
4
1
18
40
6
11
4
11
17
26
8
1
11
4
7
3
3
1
1
4
4
2
1
2
15
1
2
32
19
8
2
16
1
9
2
7
1
5
2
4
1
3
1
3
1
15
6
1
1
5
6
1
25
4
7
2
5
1
12
19
1
6
1
1
3
2
1
3
1
1
43
13
26
8
24
1
1
5
1
16
2
4
3
2
9
1
2
1
1
1
2
3
8
1
1
1
3
3
18
10
1
2
6
7
22
1
2
1
2
8
1
1
7
8
9
3
6
37
1
3
8
2
8
16
2
1
23
8
5
1
20
4
8
35
2
4
4
3
2
2
43
1
4
2
6
7
4
5
3
1
1
5
1
5
2
4
11
13
3
3
2
7
10
3
1
1
1
1
1
2
9
2
28
1
3
2
24
1
1
1
2
1
5
1
1
1
7
2
1
1
1
2
1
2
1
3
5
3
8
7
1
2
1
1
5
1
4
2
1
1
1
1
6
14
1
2
1
4
10
3
5
1
9
1
3
4
1
2
1
2
5
9
7
3
1
1
1
1
3
1
1
3
1
2
2
5
2
1
5
8
1
5
1
1
3
1
6
6
5
3
2
44
38
13
6
4
4
1
9
2
1
2
16
2
3
1
4
1
5
5
2
2
9
1
7
9
1
4
4
1
1
2
2
4
3
6
2
1
1
1
6
5
6
2
3
1
6
2
7
2
1
1
1
5
1
1
5
9
2
4
1
1
1
6
6
6
5
47
16
1
2
3
7
8
2
12
1
8
1
1
1
1
4
12
3
1
1
7
1
1
7
1
1
1
4
5
3
12
4
4
3
1
2
2
1
1
1
1
1
1
1
1
1
1
2
1
2
1
1
1
1
1
3
1
1
1
1
5
4
1
1
6
1
1
2
2
1
1
3
1
1
2
2
1
2
3
2
2
1
6
1
2
2
1
1
1
1
3
16
3
1
8
1
7
1
2
15
1
1
1
1
1
2
32
9
7
7
8
1
2
2
2
3
2
1
1
2
1
5
4
1
18
1
1
1
1
2
4
1
1
2
6
8
1
1
1
1
1
1
5
1
1
2
2
1
2
2
1
1
1
1
1
1
1
8
1
1
1
1
6
5
7
3
1
2
1
8
3
3
2
1
3
2
1
2
5
1
11
1
1
1
2
1
1
1
1
21
12
13
7
1
2
1
1
1
10
1
1
7
1
1
2
3
1
2
1
1
1
4
2
1
1
1
5
5
2
8
1
2
12
12
30
19
1
1
1
2
3
1
1
2
1
3
1
1
3
1
10
1
1
2
1
4
7
5
6
2
1
6
1
1
1
3
2
1
5
2
1
3
1
1
1
1
1
1
1
1
1
1
1
1
1
1
1
1
1
3
1
1
1
1
4
3
2
7
10
9
1
4
1
2
1
1
2
2
2
3
1
1
1
2
9
3
1
1
1
4
10
7
1
9
1
3
2
3
1
1
1
1
1
1
1
2
5
4
11
2
2
22
1
2
1
3
5
1
1
3
2
1
1
8
1
6
7
2
1
1
3
5
4
1
1
1
1
1
1
2
2
2
1
1
1
1
1
1
3
1
1
3
1
3
1
1
1
1
1
1
1
1
1
1
4
2
2
4
1
5
1
2
2
2
1
1
1
1
1
2
1
1
8
2
1
1
2
1
1
13
1
1
1
1
1
1
1
2
1
5
2
1
2
1
1
1
3
1
1
1
2
1
1
5
1
1
2
1
1
1
1
7
1
2
1
3
1
1
1
1
1
1
1
1
2
1
1
2
8
3
3
1
1
1
1
1
1
1
1
4
1
2
24
1
3
1
1
2
1
1
1
1
8
3
1
1
2
2
1
3
3
1
4
1
18
1
1
2
4
2
3
2
2
2
1
1
3
1
2
1
2
1
1
3
1
1
1
9
4
2
5
2
9
1
1
1
1
3
4
1
1
5
2
1
1
1
1
3
2
2
2
3
1
1
1
6
12
1
1
1
1
1
1
5
3
1
1
1
1
4
2
1
1
3
1
1
1
1
1
1
2
1
1
1
2
1
3
1
2
4
2
1
1
1
1
1
1
2
2
1
1
2
5
1
1
1
1
1
1
5
1
1
3
1
1
1
1
52
2
2
7
1
1
1
1
1
1
1
1
1
1
3
1
1
1
2
1
1
1
1
1
1
1
1
3
1
3
1
2
1
1
1
1
3
2
1
9
1
1
4
20
3
1
1
3
1
1
1
1
1
2
1
1
1
4
2
1
1
2
1
1
1
1
1
1
1
2
3
2
1
1
1
1
1
1
1
1
1
2
2
1
1
2
2
1
1
1
1
2
1
1
1
1
1
1
1
1
3
3
1
6
2
2
1
1
2
1
4
1
22
1
1
1
1
1
1
2
1
1
1
1
1
4
7
2
1
1
4
1
1
2
1
1
1
9
1
1
2
1
8
1
1
4
1
1
1
1
1
1
1
1
2
2
1
2
1
1
3
1
1
2
1
1
1
9
1
1
1
2
2
1
1
1
1
1
1
1
1
2
1
1
1
2
1
1
1
1
1
3
1
1
1
3
1
1
2
6
1
1
2
1
1
2
3
1
1
1
1
1
1
1
6
3
1
2
1
2
3
2
4
1
1
34
5
1
1
1
1
1
1
22
6
1
4
6
5
4
4
1
1
2
3
2
1
1
1
1
1
2
1
1
1
1
1
2
6
1
2
1
1
1
2
2
1
1
2
1
1
1
2
1
31
1
1
1
1
3
1
1
1
1
1
1
1
3
1
1
3
1
2
2
2
1
1
1
2
2
1
1
1
1
2
2
1
1
1
1
1
4
1
1
1
1
1
1
1
1
2
2
1
1
1
1
1
1
1
2
1
1
1
1
2
1
1
1
1
2
1
2
1
1
1
1
1
1
1
1
1
1
1
3
6
3
2
1
1
4
1
1
1
1
1
1
1
1
1
1
1
1
1
2
3
1
1
4
1
1
5
2
23
1
1
1
2
1
1
1
1
1
2
1
2
1
1
1
1
1
1
1
1
1
1
1
1
1
1
1
9
1
1
2
2
5
1
1
1
1
1
1
1
1
1
2
1
2
3
1
1
1
1
1
1
2
1
1
1
21
1
1
2
1
1
1
1
1
1
1
1
1
4
1
1
1
1
1
2
1
1
1
1
2
1
1
1
1
1
1
2
1
1
1
1
1
1
2
2
1
1
1
1
1
2
1
1
1
1
1
1
1
1
1
1
1
1
1
1
1
1
1
1
1
2
1
2
1
7
1
1
1
1
1
1
2
1
2
26
1
22
1
1
1
1
1
1
1
1
1
1
1
2
1
1
2
1
1
1
3
1
1
1
1
1
1
3
3
1
2
2
1
1
1
1
1
1
2
1
2
1
1
1
1
2
1
1
3
1
61
1
1
1
2
1
2
1
1
1
1
1
1
1
1
2
1
2
1
2
1
1
1
1
1
1
1
2
1
1
1
1
1
1
1
1
26
1
1
1
1
1
1
1
1
7
1
1
1
1
1
1
1
1
1
1
1
1
1
1
1
1
1
30
1
1
1
1
1
1
18
1
1
1
1
1
1
1
1
1
1
1
1
1
1
2
1
1
1
1
1
1
1
1
1
1
1
1
1
1
1
1
